[Transmit]
deviceArgs=hackrf
freq=144.390e6
fs=8e6
ppm=26
rfGain=10.0
ifGain=10.0
bbGain=0.0
ant=TX/RX
bw=0.1e6

[Receive]
deviceArgs=
freq=144.390e6
fs=1.92e6
ppm=51
rfGain=45.0
ifGain=0.0
bbGain=0.0
ant=RX
bw=0.1e6

[AX25]
ipAddr=127.0.0.1
ipPort=15331
numPreambles=40
numPostambles=2
mtu=10000

[AFSK]
bitRate=1200.0
markFreq=1200.0
spaceFreq=2200.0
dcInsert=1
frameTag=tx_len
rolloff=0.7
filterSyms=7

[Demod]
pllLoopBw=0.01795
pllFreqMax=0.31415926
agcEnable=1
agcAttack=0.100
agcDecay=0.010

[CSMA]
enable=1
snrThreshold=2.5
noiseAlpha=0.00001
avgAlpha=0.01

[Debug]
bb_zmqAddr=tcp://127.0.0.1:18730
snr_zmqAddr=tcp://127.0.0.1:18731
syms_zmqAddr=tcp://127.0.0.1:18732
recv_zmqAddr=tcp://127.0.0.1:18733
sent_zmqAddr=tcp://127.0.0.1:18734
